			-150.00		1.4230E+00		6.4935E+00
			-148.00		1.4162E+00		6.4905E+00
			-146.00		1.4107E+00		6.4905E+00
			-144.00		1.4039E+00		6.4875E+00
			-142.00		1.3976E+00		6.4890E+00
			-140.00		1.3905E+00		6.4875E+00
			-138.00		1.3859E+00		6.4875E+00
			-136.00		1.3784E+00		6.4860E+00
			-134.00		1.3727E+00		6.4845E+00
			-132.00		1.3663E+00		6.4860E+00
			-130.00		1.3602E+00		6.4845E+00
			-128.00		1.3534E+00		6.4860E+00
			-126.00		1.3477E+00		6.4845E+00
			-124.00		1.3417E+00		6.4800E+00
			-122.00		1.3356E+00		6.4845E+00
			-120.00		1.3293E+00		6.4860E+00
			-118.00		1.3238E+00		6.4815E+00
			-116.00		1.3182E+00		6.4815E+00
			-114.00		1.3114E+00		6.4785E+00
			-112.00		1.3066E+00		6.4815E+00
			-110.00		1.3014E+00		6.4800E+00
			-108.00		1.2946E+00		6.4815E+00
			-106.00		1.2880E+00		6.4800E+00
			-104.00		1.2818E+00		6.4785E+00
			-102.00		1.2778E+00		6.4800E+00
			-100.00		1.2707E+00		6.4785E+00
			-98.00		1.2658E+00		6.4845E+00
			-96.00		1.2588E+00		6.4800E+00
			-94.00		1.2542E+00		6.4845E+00
			-92.00		1.2485E+00		6.4830E+00
			-90.00		1.2434E+00		6.4830E+00
			-88.00		1.2370E+00		6.4800E+00
			-86.00		1.2326E+00		6.4815E+00
			-84.00		1.2269E+00		6.4800E+00
			-82.00		1.2209E+00		6.4845E+00
			-80.00		1.2144E+00		6.4845E+00
			-78.00		1.2104E+00		6.4815E+00
			-76.00		1.2046E+00		6.4800E+00
			-74.00		1.1994E+00		6.4830E+00
			-72.00		1.1942E+00		6.4815E+00
			-70.00		1.1900E+00		6.4815E+00
			-68.00		1.1842E+00		6.4830E+00
			-66.00		1.1788E+00		6.4845E+00
			-64.00		1.1731E+00		6.4830E+00
			-62.00		1.1694E+00		6.4800E+00
			-60.00		1.1644E+00		6.4800E+00
			-58.00		1.1585E+00		6.4815E+00
			-56.00		1.1546E+00		6.4830E+00
			-54.00		1.1499E+00		6.4830E+00
			-52.00		1.1451E+00		6.4815E+00
			-50.00		1.1392E+00		6.4860E+00
			-48.00		1.1347E+00		6.4830E+00
			-46.00		1.1291E+00		6.4830E+00
			-44.00		1.1238E+00		6.4815E+00
			-42.00		1.1198E+00		6.4860E+00
			-40.00		1.1164E+00		6.4815E+00
			-38.00		1.1115E+00		6.4830E+00
			-36.00		1.1060E+00		6.4830E+00
			-34.00		1.1019E+00		6.4800E+00
			-32.00		1.0977E+00		6.4800E+00
			-30.00		1.0933E+00		6.4815E+00
			-28.00		1.0889E+00		6.4770E+00
			-26.00		1.0840E+00		6.4845E+00
			-24.00		1.0799E+00		6.4785E+00
			-22.00		1.0743E+00		6.4815E+00
			-20.00		1.0708E+00		6.4800E+00
			-18.00		1.0655E+00		6.4815E+00
			-16.00		1.0628E+00		6.4755E+00
			-14.00		1.0569E+00		6.4800E+00
			-12.00		1.0521E+00		6.4785E+00
			-10.00		1.0491E+00		6.4800E+00
			-8.00		1.0449E+00		6.4800E+00
			-6.00		1.0405E+00		6.4755E+00
			-4.00		1.0371E+00		6.4770E+00
			-2.00		1.0315E+00		6.4800E+00
			0.00		1.0292E+00		6.4740E+00
			2.00		1.0231E+00		6.4800E+00
			4.00		1.0206E+00		6.4785E+00
			6.00		1.0155E+00		6.4785E+00
			8.00		1.0113E+00		6.4785E+00
			10.00		1.0083E+00		6.4770E+00
			12.00		1.0037E+00		6.4800E+00
			14.00		999.77E-03		6.4755E+00
			16.00		995.37E-03		6.4770E+00
			18.00		992.13E-03		6.4770E+00
			20.00		988.19E-03		6.4755E+00
			22.00		985.63E-03		6.4740E+00
			24.00		980.30E-03		6.4725E+00
			26.00		976.83E-03		6.4740E+00
			28.00		972.66E-03		6.4740E+00
			30.00		968.49E-03		6.4740E+00
			32.00		963.17E-03		6.4755E+00
			34.00		961.32E-03		6.4755E+00
			36.00		958.07E-03		6.4755E+00
			38.00		953.24E-03		6.4800E+00
			40.00		949.73E-03		6.4755E+00
			42.00		946.49E-03		6.4755E+00
			44.00		943.27E-03		6.4785E+00
			46.00		939.11E-03		6.4785E+00
			48.00		934.91E-03		6.4755E+00
			50.00		932.13E-03		6.4755E+00
			52.00		928.67E-03		6.4770E+00
			54.00		924.07E-03		6.4800E+00
			56.00		921.05E-03		6.4785E+00
			58.00		918.02E-03		6.4770E+00
			60.00		913.85E-03		6.4770E+00
			62.00		910.35E-03		6.4755E+00
			64.00		907.83E-03		6.4770E+00
			66.00		904.12E-03		6.4770E+00
			68.00		899.79E-03		6.4815E+00
			70.00		896.97E-03		6.4785E+00
			72.00		893.01E-03		6.4770E+00
			74.00		889.56E-03		6.4785E+00
			76.00		886.32E-03		6.4785E+00
			78.00		883.33E-03		6.4800E+00
			80.00		880.09E-03		6.4800E+00
			82.00		876.79E-03		6.4770E+00
			84.00		872.89E-03		6.4785E+00
			86.00		869.91E-03		6.4800E+00
			88.00		866.67E-03		6.4800E+00
			90.00		863.43E-03		6.4800E+00
			92.00		859.99E-03		6.4815E+00
			94.00		857.87E-03		6.4800E+00
			96.00		854.76E-03		6.4755E+00
			98.00		850.99E-03		6.4830E+00
			100.00		848.34E-03		6.4785E+00
			102.00		844.32E-03		6.4845E+00
			104.00		841.67E-03		6.4800E+00
			106.00		838.89E-03		6.4800E+00
			108.00		835.72E-03		6.4830E+00
			110.00		832.79E-03		6.4770E+00
			112.00		829.63E-03		6.4800E+00
			114.00		826.01E-03		6.4830E+00
			116.00		823.34E-03		6.4785E+00
			118.00		820.26E-03		6.4845E+00
			120.00		817.13E-03		6.4800E+00
			122.00		814.81E-03		6.4800E+00
			124.00		812.04E-03		6.4800E+00
			126.00		807.96E-03		6.4830E+00
			128.00		806.29E-03		6.4815E+00
			130.00		803.05E-03		6.4815E+00
			132.00		798.70E-03		6.4830E+00
			134.00		797.87E-03		6.4785E+00
			136.00		794.63E-03		6.4785E+00
			138.00		792.13E-03		6.4800E+00
			140.00		788.79E-03		6.4770E+00
			142.00		786.01E-03		6.4770E+00
			144.00		784.06E-03		6.4740E+00
			146.00		781.38E-03		6.4770E+00
			148.00		777.49E-03		6.4785E+00
			150.00		775.18E-03		6.4785E+00