			-150.00		2.1525E+00		4.1895E+00
			-148.00		2.1425E+00		4.1895E+00
			-146.00		2.1325E+00		4.1880E+00
			-144.00		2.1210E+00		4.1910E+00
			-142.00		2.1139E+00		4.1865E+00
			-140.00		2.1032E+00		4.1865E+00
			-138.00		2.0931E+00		4.1895E+00
			-136.00		2.0838E+00		4.1865E+00
			-134.00		2.0753E+00		4.1835E+00
			-132.00		2.0666E+00		4.1865E+00
			-130.00		2.0566E+00		4.1865E+00
			-128.00		2.0481E+00		4.1820E+00
			-126.00		2.0380E+00		4.1835E+00
			-124.00		2.0294E+00		4.1835E+00
			-122.00		2.0187E+00		4.1820E+00
			-120.00		2.0093E+00		4.1820E+00
			-118.00		2.0014E+00		4.1790E+00
			-116.00		1.9943E+00		4.1775E+00
			-114.00		1.9842E+00		4.1820E+00
			-112.00		1.9770E+00		4.1790E+00
			-110.00		1.9655E+00		4.1790E+00
			-108.00		1.9570E+00		4.1820E+00
			-106.00		1.9448E+00		4.1835E+00
			-104.00		1.9398E+00		4.1835E+00
			-102.00		1.9318E+00		4.1805E+00
			-100.00		1.9232E+00		4.1790E+00
			-98.00		1.9146E+00		4.1805E+00
			-96.00		1.9046E+00		4.1820E+00
			-94.00		1.8960E+00		4.1820E+00
			-92.00		1.8880E+00		4.1790E+00
			-90.00		1.8795E+00		4.1820E+00
			-88.00		1.8695E+00		4.1835E+00
			-86.00		1.8601E+00		4.1805E+00
			-84.00		1.8544E+00		4.1820E+00
			-82.00		1.8451E+00		4.1835E+00
			-80.00		1.8386E+00		4.1820E+00
			-78.00		1.8300E+00		4.1820E+00
			-76.00		1.8201E+00		4.1850E+00
			-74.00		1.8128E+00		4.1835E+00
			-72.00		1.8049E+00		4.1835E+00
			-70.00		1.7969E+00		4.1805E+00
			-68.00		1.7884E+00		4.1820E+00
			-66.00		1.7834E+00		4.1820E+00
			-64.00		1.7734E+00		4.1835E+00
			-62.00		1.7682E+00		4.1805E+00
			-60.00		1.7618E+00		4.1805E+00
			-58.00		1.7529E+00		4.1760E+00
			-56.00		1.7466E+00		4.1790E+00
			-54.00		1.7381E+00		4.1805E+00
			-52.00		1.7308E+00		4.1790E+00
			-50.00		1.7234E+00		4.1760E+00
			-48.00		1.7178E+00		4.1775E+00
			-46.00		1.7093E+00		4.1790E+00
			-44.00		1.7008E+00		4.1805E+00
			-42.00		1.6931E+00		4.1835E+00
			-40.00		1.6857E+00		4.1805E+00
			-38.00		1.6804E+00		4.1775E+00
			-36.00		1.6742E+00		4.1805E+00
			-34.00		1.6675E+00		4.1775E+00
			-32.00		1.6596E+00		4.1775E+00
			-30.00		1.6541E+00		4.1805E+00
			-28.00		1.6481E+00		4.1775E+00
			-26.00		1.6421E+00		4.1745E+00
			-24.00		1.6338E+00		4.1775E+00
			-22.00		1.6286E+00		4.1760E+00
			-20.00		1.6189E+00		4.1805E+00
			-18.00		1.6119E+00		4.1820E+00
			-16.00		1.6067E+00		4.1805E+00
			-14.00		1.6001E+00		4.1790E+00
			-12.00		1.5943E+00		4.1775E+00
			-10.00		1.5872E+00		4.1790E+00
			-8.00		1.5806E+00		4.1775E+00
			-6.00		1.5749E+00		4.1775E+00
			-4.00		1.5686E+00		4.1790E+00
			-2.00		1.5612E+00		4.1775E+00
			0.00		1.5548E+00		4.1775E+00
			2.00		1.5496E+00		4.1760E+00
			4.00		1.5427E+00		4.1790E+00
			6.00		1.5350E+00		4.1805E+00
			8.00		1.5292E+00		4.1805E+00
			10.00		1.5228E+00		4.1805E+00
			12.00		1.5158E+00		4.1820E+00
			14.00		1.5106E+00		4.1805E+00
			16.00		1.5050E+00		4.1820E+00
			18.00		1.4957E+00		4.1820E+00
			20.00		1.4932E+00		4.1790E+00
			22.00		1.4862E+00		4.1805E+00
			24.00		1.4813E+00		4.1820E+00
			26.00		1.4763E+00		4.1820E+00
			28.00		1.4693E+00		4.1835E+00
			30.00		1.4652E+00		4.1790E+00
			32.00		1.4557E+00		4.1835E+00
			34.00		1.4514E+00		4.1835E+00
			36.00		1.4452E+00		4.1850E+00
			38.00		1.4385E+00		4.1835E+00
			40.00		1.4326E+00		4.1820E+00
			42.00		1.4309E+00		4.1805E+00
			44.00		1.4234E+00		4.1835E+00
			46.00		1.4177E+00		4.1835E+00
			48.00		1.4127E+00		4.1835E+00
			50.00		1.4087E+00		4.1805E+00
			52.00		1.4008E+00		4.1805E+00
			54.00		1.3967E+00		4.1820E+00
			56.00		1.3915E+00		4.1805E+00
			58.00		1.3874E+00		4.1775E+00
			60.00		1.3833E+00		4.1790E+00
			62.00		1.3781E+00		4.1775E+00
			64.00		1.3706E+00		4.1805E+00
			66.00		1.3661E+00		4.1790E+00
			68.00		1.3601E+00		4.1775E+00
			70.00		1.3558E+00		4.1775E+00
			72.00		1.3494E+00		4.1820E+00
			74.00		1.3465E+00		4.1775E+00
			76.00		1.3420E+00		4.1760E+00
			78.00		1.3357E+00		4.1775E+00
			80.00		1.3278E+00		4.1820E+00
			82.00		1.3250E+00		4.1775E+00
			84.00		1.3195E+00		4.1790E+00
			86.00		1.3154E+00		4.1805E+00
			88.00		1.3108E+00		4.1790E+00
			90.00		1.3065E+00		4.1790E+00
			92.00		1.3010E+00		4.1805E+00
			94.00		1.2958E+00		4.1790E+00
			96.00		1.2922E+00		4.1790E+00
			98.00		1.2860E+00		4.1805E+00
			100.00		1.2821E+00		4.1790E+00
			102.00		1.2776E+00		4.1775E+00
			104.00		1.2728E+00		4.1790E+00
			106.00		1.2689E+00		4.1775E+00
			108.00		1.2639E+00		4.1775E+00
			110.00		1.2580E+00		4.1805E+00
			112.00		1.2543E+00		4.1760E+00
			114.00		1.2498E+00		4.1790E+00
			116.00		1.2460E+00		4.1775E+00
			118.00		1.2412E+00		4.1790E+00
			120.00		1.2364E+00		4.1760E+00
			122.00		1.2316E+00		4.1775E+00
			124.00		1.2289E+00		4.1745E+00
			126.00		1.2221E+00		4.1805E+00
			128.00		1.2201E+00		4.1775E+00
			130.00		1.2151E+00		4.1775E+00
			132.00		1.2089E+00		4.1790E+00
			134.00		1.2060E+00		4.1790E+00
			136.00		1.2019E+00		4.1760E+00
			138.00		1.1976E+00		4.1760E+00
			140.00		1.1935E+00		4.1775E+00
			142.00		1.1885E+00		4.1775E+00
			144.00		1.1846E+00		4.1760E+00
			146.00		1.1796E+00		4.1760E+00
			148.00		1.1777E+00		4.1775E+00
			150.00		1.1727E+00		4.1775E+00