			-240.00		19.317E-03		8.6505E+00
			-237.00		21.089E-03		8.6490E+00
			-234.00		22.928E-03		8.6490E+00
			-231.00		24.840E-03		8.6475E+00
			-228.00		26.852E-03		8.6475E+00
			-225.00		28.928E-03		8.6490E+00
			-222.00		31.113E-03		8.6490E+00
			-219.00		33.304E-03		8.6475E+00
			-216.00		35.547E-03		8.6505E+00
			-213.00		37.927E-03		8.6535E+00
			-210.00		40.777E-03		8.6520E+00
			-209.00		41.824E-03		8.6505E+00
			-208.00		43.184E-03		8.6490E+00
			-207.00		45.346E-03		8.6535E+00
			-206.00		50.277E-03		8.6520E+00
			-205.00		65.431E-03		8.6565E+00
			-204.00		100.90E-03		8.6580E+00
			-203.00		163.22E-03		8.6535E+00
			-202.00		242.82E-03		8.6535E+00
			-201.00		330.32E-03		8.6580E+00
			-200.00		418.15E-03		8.6595E+00
			-199.00		511.43E-03		8.6580E+00
			-198.00		597.99E-03		8.6490E+00
			-197.00		682.26E-03		8.6580E+00
			-196.00		750.35E-03		8.6520E+00
			-195.00		792.86E-03		8.6610E+00
			-194.00		811.92E-03		8.6610E+00
			-193.00		819.21E-03		8.6535E+00
			-192.00		820.86E-03		8.6580E+00
			-191.00		821.76E-03		8.6595E+00
			-190.00		822.45E-03		8.6595E+00
			-187.00		823.35E-03		8.6610E+00
			-184.00		824.53E-03		8.6595E+00
			-181.00		824.59E-03		8.6625E+00
			-178.00		825.57E-03		8.6595E+00
			-175.00		825.22E-03		8.6595E+00
			-172.00		824.94E-03		8.6625E+00
			-169.00		825.36E-03		8.6580E+00
			-166.00		825.08E-03		8.6610E+00
			-163.00		825.28E-03		8.6625E+00
			-160.00		824.94E-03		8.6625E+00
			-157.00		824.87E-03		8.6595E+00
			-154.00		824.53E-03		8.6595E+00
			-151.00		824.81E-03		8.6565E+00
			-148.00		824.18E-03		8.6595E+00
			-145.00		823.84E-03		8.6595E+00
			-142.00		822.80E-03		8.6595E+00
			-139.00		822.45E-03		8.6595E+00
			-136.00		821.76E-03		8.6595E+00
			-133.00		822.04E-03		8.6565E+00
			-130.00		821.49E-03		8.6550E+00
			-127.00		821.00E-03		8.6565E+00
			-124.00		820.59E-03		8.6535E+00
			-121.00		819.88E-03		8.6610E+00
			-118.00		819.76E-03		8.6550E+00
			-115.00		819.76E-03		8.6550E+00
			-112.00		819.27E-03		8.6565E+00
			-109.00		818.64E-03		8.6595E+00
			-106.00		818.92E-03		8.6565E+00
			-103.00		817.88E-03		8.6565E+00
			-100.00		817.74E-03		8.6580E+00
			-97.00		816.57E-03		8.6520E+00
			-94.00		816.57E-03		8.6520E+00
			-91.00		815.74E-03		8.6535E+00
			-88.00		815.88E-03		8.6520E+00
			-85.00		815.60E-03		8.6550E+00
			-82.00		815.11E-03		8.6565E+00
			-79.00		815.19E-03		8.6520E+00
			-76.00		814.29E-03		8.6505E+00
			-73.00		814.43E-03		8.6490E+00
			-70.00		813.38E-03		8.6565E+00
			-67.00		813.39E-03		8.6490E+00
			-64.00		812.27E-03		8.6535E+00
			-61.00		812.00E-03		8.6490E+00
			-58.00		812.00E-03		8.6490E+00
			-55.00		811.38E-03		8.6445E+00
			-52.00		811.38E-03		8.6445E+00
			-49.00		809.37E-03		8.6475E+00
			-46.00		807.84E-03		8.6490E+00
			-43.00		806.87E-03		8.6445E+00
			-40.00		804.58E-03		8.6430E+00
			-37.00		802.36E-03		8.6445E+00
			-34.00		800.62E-03		8.6445E+00
			-31.00		799.79E-03		8.6460E+00
			-28.00		799.31E-03		8.6475E+00
			-25.00		799.31E-03		8.6475E+00
			-22.00		798.27E-03		8.6475E+00
			-19.00		797.29E-03		8.6505E+00
			-16.00		796.12E-03		8.6520E+00
			-13.00		795.35E-03		8.6490E+00
			-10.00		794.24E-03		8.6460E+00
			-7.00		791.88E-03		8.6490E+00
			-4.00		790.63E-03		8.6475E+00
			-1.00		791.46E-03		8.6460E+00
			0.00		790.98E-03		8.6475E+00
			1.00		791.05E-03		8.6505E+00
			4.00		791.61E-03		8.6520E+00
			7.00		792.58E-03		8.6490E+00
			10.00		794.80E-03		8.6475E+00
			13.00		794.80E-03		8.6550E+00
			16.00		796.32E-03		8.6460E+00
			19.00		796.88E-03		8.6475E+00
			22.00		797.71E-03		8.6535E+00
			25.00		798.34E-03		8.6505E+00
			28.00		798.34E-03		8.6505E+00
			31.00		799.38E-03		8.6505E+00
			34.00		800.00E-03		8.6475E+00
			37.00		802.36E-03		8.6520E+00
			40.00		804.23E-03		8.6505E+00
			43.00		806.31E-03		8.6505E+00
			46.00		807.22E-03		8.6445E+00
			49.00		809.09E-03		8.6505E+00
			52.00		810.27E-03		8.6490E+00
			55.00		810.61E-03		8.6490E+00
			58.00		810.89E-03		8.6535E+00
			61.00		811.72E-03		8.6520E+00
			64.00		812.21E-03		8.6505E+00
			67.00		813.18E-03		8.6475E+00
			70.00		813.53E-03		8.6475E+00
			73.00		814.15E-03		8.6520E+00
			76.00		814.64E-03		8.6505E+00
			79.00		814.98E-03		8.6505E+00
			82.00		814.42E-03		8.6565E+00
			85.00		815.61E-03		8.6475E+00
			88.00		815.46E-03		8.6565E+00
			91.00		815.60E-03		8.6550E+00
			94.00		816.23E-03		8.6520E+00
			97.00		816.09E-03		8.6535E+00
			100.00		816.86E-03		8.6490E+00
			103.00		817.82E-03		8.6535E+00
			106.00		818.02E-03		8.6550E+00
			109.00		818.72E-03		8.6550E+00
			112.00		818.58E-03		8.6565E+00
			115.00		819.00E-03		8.6520E+00
			118.00		818.86E-03		8.6535E+00
			121.00		819.00E-03		8.6520E+00
			124.00		820.04E-03		8.6520E+00
			127.00		819.62E-03		8.6565E+00
			130.00		820.17E-03		8.6580E+00
			133.00		820.66E-03		8.6565E+00
			136.00		821.14E-03		8.6550E+00
			139.00		821.69E-03		8.6565E+00
			142.00		822.33E-03		8.6535E+00
			145.00		822.18E-03		8.6550E+00
			148.00		822.67E-03		8.6535E+00
			151.00		823.08E-03		8.6565E+00
			154.00		823.37E-03		8.6535E+00
			157.00		823.51E-03		8.6520E+00
			160.00		823.57E-03		8.6550E+00
			163.00		823.57E-03		8.6550E+00
			166.00		823.92E-03		8.6550E+00
			169.00		824.20E-03		8.6520E+00
			172.00		824.28E-03		8.6475E+00
			175.00		823.51E-03		8.6520E+00
			178.00		823.02E-03		8.6535E+00
			181.00		823.02E-03		8.6535E+00
			184.00		822.67E-03		8.6535E+00
			187.00		821.55E-03		8.6580E+00
			190.00		820.25E-03		8.6535E+00
			191.00		819.55E-03		8.6535E+00
			192.00		818.51E-03		8.6535E+00
			193.00		813.86E-03		8.6550E+00
			194.00		803.26E-03		8.6535E+00
			195.00		770.19E-03		8.6550E+00
			196.00		712.06E-03		8.6580E+00
			197.00		633.99E-03		8.6595E+00
			198.00		551.72E-03		8.6565E+00
			199.00		463.17E-03		8.6535E+00
			200.00		374.35E-03		8.6550E+00
			201.00		285.47E-03		8.6520E+00
			202.00		199.93E-03		8.6535E+00
			203.00		125.33E-03		8.6580E+00
			204.00		77.830E-03		8.6535E+00
			205.00		55.226E-03		8.6535E+00
			206.00		47.271E-03		8.6565E+00
			207.00		44.306E-03		8.6535E+00
			208.00		42.654E-03		8.6580E+00
			209.00		41.512E-03		8.6505E+00
			210.00		40.534E-03		8.6595E+00
			213.00		37.872E-03		8.6580E+00
			216.00		35.610E-03		8.6520E+00
			219.00		33.489E-03		8.6535E+00
			222.00		31.300E-03		8.6550E+00
			225.00		29.156E-03		8.6535E+00
			228.00		27.106E-03		8.6550E+00
			231.00		25.139E-03		8.6520E+00
			234.00		23.293E-03		8.6550E+00
			237.00		21.521E-03		8.6565E+00
			240.00		19.938E-03		8.6520E+00